-89 40 89 -21 10 -120 -48 62 -38 -7 2 -12 33 -114 69 67 69 -103 84 -44 -28 -107 124 -109 -40 109 109 33 
-102 -44 -109 11 50 56 -83 -3 -107 48 -106 -111 21 -4 37 -34 -99 -123 -121 42 123 -2 -89 79 -103 -59 27 -22 
50 -53 -41 55 88 9 77 -60 -9 -127 -81 46 110 -103 -24 -96 -10 -30 46 -53 8 -58 16 125 56 92 44 -66 
-20 100 118 51 -92 101 54 -117 36 42 91 82 116 -73 115 3 -127 25 76 4 12 -32 -126 89 -97 -56 72 0 
-51 -71 36 56 -101 34 71 103 18 -26 -58 -62 -42 -8 99 -84 48 -56 94 -17 -99 -109 -32 -33 -36 -61 -91 69 
-58 52 82 112 120 31 61 -20 -80 -99 -30 -45 -23 -112 -127 29 84 71 -126 -126 47 -121 -34 74 31 -95 107 58 
74 24 -49 -78 -57 -93 68 -126 105 -31 111 -94 50 -116 -48 -47 -2 121 52 -30 53 -112 21 58 -43 1 33 -119 
-4 7 -33 -86 116 -101 -70 -49 2 22 93 -114 71 -25 1 -51 -116 24 -53 10 -66 -109 -115 85 -105 64 28 -25 
-28 120 90 85 41 -59 -22 -41 15 -123 -12 44 -104 -2 34 -11 70 -65 51 -31 -12 -25 -91 -8 -91 120 -29 -39 
-27 34 69 -30 8 74 -121 -47 45 103 111 65 -90 -82 -83 -69 -93 -82 88 72 59 31 -116 111 123 46 -12 -52 
87 114 3 -55 50 -111 115 75 102 -4 13 -101 -59 -61 -59 -69 78 32 28 -9 30 101 -99 -36 -115 -8 110 -109 
-31 90 6 44 -27 59 -75 -101 -100 68 -19 122 -107 -114 59 -57 5 -11 -32 91 -111 16 47 -32 46 53 -85 115 
-110 -24 12 -104 -15 72 -42 93 -98 -87 -44 -1 94 -101 -55 34 37 10 -114 61 -6 -58 -70 21 -65 -14 33 -44 
31 -5 -1 -16 57 2 -7 -1 69 -42 24 71 23 -50 20 28 12 6 41 38 -37 -53 70 -73 6 -103 -25 -11 
-54 16 63 -11 -20 -41 -45 31 -126 35 2 -83 -71 9 -32 127 46 65 -81 36 8 79 69 126 92 16 -1 -10 
43 57 -97 -108 53 38 87 -96 -10 -31 0 -47 -19 48 -42 -77 -120 -123 43 -73 -25 -2 71 53 17 -107 -10 48 
51 4 47 58 97 86 113 95 116 35 -107 10 103 -85 -94 17 127 -39 -65 -16 2 -15 -66 -65 42 -38 48 -116 
83 -47 67 47 -42 -12 -67 -85 -53 -7 -10 85 -81 31 -123 43 72 98 8 102 -101 105 -120 45 59 -72 -45 -122 
98 -2 -69 100 85 -24 -37 64 -29 -11 -71 -29 -108 82 -71 86 1 -105 -122 -1 -62 62 76 -83 5 41 16 -126 
88 103 10 -29 2 89 -37 92 -107 -79 84 -87 -35 -51 -52 -48 -96 -118 -71 81 -71 -95 98 32 -114 80 -112 119 
60 122 -38 -9 32 -93 16 103 -72 -88 -4 -86 -107 -16 44 -103 -19 19 -9 -122 -82 48 82 -4 -55 -77 10 -103 
-64 53 18 119 -99 103 -12 106 -124 72 -117 15 -28 -106 -10 21 98 -112 -91 -12 4 -107 110 -5 -120 7 65 -88 
-82 -7 -52 14 77 25 -66 -71 -70 58 -57 124 37 -64 -63 106 120 12 119 -48 -98 -8 -125 -120 2 -98 65 -123 
15 -29 35 -119 -102 -54 33 -66 -127 76 52 112 -76 -91 -116 -11 10 22 -64 52 93 79 -31 -120 -13 -125 89 76 
28 66 -2 -99 15 -13 -23 13 -46 64 57 71 32 84 50 -98 -78 -15 -11 -75 96 81 112 -100 24 -57 33 70 
5 61 82 -2 -83 82 46 13 120 117 -79 -65 -84 -36 103 94 59 10 -42 -41 64 111 -22 -79 69 -69 -121 28 
-58 -10 11 61 98 -38 55 -12 30 -61 31 31 -128 -22 -85 -21 -56 -112 -46 -85 -8 28 37 -48 -115 -36 51 -30 
-29 -124 -52 27 -17 8 -101 122 -16 -79 65 115 -126 -83 93 104 -11 -90 -98 -51 -19 -85 103 -5 124 61 12 -104 

94 -62 -90 -92 -106 -31 -109 -47 -44 -76 -29 47 42 83 -112 -84 74 -81 43 36 -91 24 -99 -114 84 -110 19 -31 
41 8 16 37 39 7 84 100 -4 -91 -24 35 93 111 84 121 -20 -101 81 -85 -53 -40 -128 -97 100 -28 -77 -99 
104 72 4 93 -39 62 -6 -11 -7 93 31 -99 81 -2 -104 58 116 98 117 55 -40 16 52 105 108 99 40 16 
-120 62 -85 -36 -125 122 -116 74 -15 -79 16 46 3 -10 96 -95 94 -110 -82 122 -3 -57 70 -17 49 116 94 -20 
-80 -60 66 -106 -76 56 -7 76 -84 -12 123 -90 80 92 74 -21 -76 31 -83 -74 -61 -118 -92 96 63 -20 -103 -118 
7 -122 -73 60 93 65 -41 12 90 -120 17 -77 27 -65 -88 -3 127 -67 -94 -86 -49 96 -13 -86 16 -61 113 -68 
114 -112 113 -38 -64 14 115 120 -68 -75 75 -89 -97 -120 110 10 75 -63 118 13 -19 -5 -5 -62 74 -115 -61 -12 
-65 71 67 -71 -16 -41 -33 -108 58 31 -70 62 24 84 -23 22 56 -33 17 -39 48 67 76 -105 -79 101 33 -121 
49 -82 13 -19 -123 36 19 63 79 -10 -53 2 104 64 -81 -42 -84 -108 -48 -44 -11 -51 102 10 -85 99 -81 -57 
47 -54 -65 124 -8 -38 35 74 82 120 -72 -97 94 87 -121 3 -103 65 -95 -51 125 106 85 64 74 -62 -121 -37 
73 -45 -107 -107 14 -88 -62 -82 -71 127 96 76 -107 -107 -93 -25 -91 -73 -25 -81 -41 35 93 21 -24 -51 28 34 
28 -92 9 -108 24 -38 56 109 -9 -26 -41 -58 61 -84 93 47 47 57 30 2 -37 -13 37 -73 -91 -121 18 -88 
-52 -101 -121 -117 116 64 -98 -69 97 -121 66 25 118 -72 -46 12 123 31 -101 87 -62 105 -71 39 -126 18 20 91 
-61 -94 -113 113 -125 -122 -45 -73 100 98 -36 120 27 0 70 44 -85 9 -30 104 92 -91 -85 -95 34 -28 106 79 
68 -44 -118 -128 -15 118 -47 43 125 80 -54 67 116 1 0 63 81 35 89 96 -89 56 -44 27 60 -77 -27 -103 
120 -24 -121 58 -51 15 -8 -104 -32 95 -43 116 68 40 63 -116 -104 16 -105 -3 39 77 -1 -78 -97 109 -52 -13 
-32 -85 -78 -6 -111 28 106 49 23 111 41 -68 50 -81 -25 24 -117 -118 100 -46 -94 -80 -55 4 -114 -85 48 55 
-15 -40 -1 15 -24 50 93 28 64 -103 96 117 115 -52 13 -52 -98 44 48 -44 100 94 -15 20 86 -53 5 60 
72 67 30 -70 -41 24 21 55 37 57 -50 120 72 72 -45 -112 -47 85 -70 8 101 -48 -19 79 37 -20 -3 99 
31 -44 94 36 61 42 -1 -10 12 -70 -21 24 -11 -8 -115 -106 -70 5 112 84 82 -51 52 -89 81 18 -28 21 
-71 -79 -43 -30 81 9 -75 54 -119 9 52 -55 -1 102 8 60 46 -60 99 -16 -66 -55 -44 44 -122 106 67 -46 
0 105 -125 87 -41 40 -10 -97 73 -12 105 9 -51 -71 124 -69 80 -104 38 29 14 104 -97 -30 81 -34 -6 -18 
-62 -35 34 16 -30 112 93 -90 98 -12 25 -64 -119 79 39 113 -83 -100 -23 26 85 85 -41 27 38 -52 108 -61 
-91 -47 -79 104 119 51 5 -41 -105 58 -108 -80 -61 -46 99 104 -40 42 -28 96 53 105 31 108 -81 36 126 -67 
-40 -78 2 42 -84 -42 -93 -52 -121 -35 107 67 125 115 -29 -44 60 -45 59 -10 91 1 -70 119 0 53 -118 88 
123 77 -109 -54 -91 -17 83 -44 84 73 -96 96 -17 -35 -79 -17 -60 73 -75 11 75 13 -23 59 46 -125 77 -59 
121 -115 104 9 39 -50 -38 3 -56 -76 -23 24 -67 -117 5 65 -124 -78 106 -47 10 27 90 -60 99 -55 11 18 
-94 44 26 -3 47 71 -12 73 -62 -3 -45 -127 -56 -1 45 -96 -127 47 -54 -60 -7 -81 -48 76 125 -43 -18 -25 

45 -13 -119 -74 31 37 109 11 117 44 32 72 32 6 -107 -52 27 45 93 126 88 33 13 -120 43 -37 -13 80 
25 102 -37 56 -60 91 101 -39 -10 -4 -33 -100 30 -77 127 93 73 68 35 -100 -52 -114 -51 90 71 106 45 113 
126 -127 -128 85 -87 99 4 89 -104 -50 117 52 -42 -90 -54 -126 44 -107 -27 -23 -42 -12 77 93 -73 74 -19 -68 
-21 -47 -12 81 -95 -66 -69 -21 13 8 68 -98 69 22 53 26 93 -46 -28 -121 39 21 4 93 -19 14 13 98 
50 -106 86 36 -30 9 -8 31 -67 -119 54 -55 109 89 66 37 -62 -96 -49 -64 -51 -123 -31 4 7 -9 -39 -90 
25 84 90 110 -23 -37 117 -33 54 95 21 45 76 -44 -28 50 25 -18 -31 94 -123 127 -98 109 8 -87 -42 -115 
-41 -70 112 120 -103 116 63 -78 -51 125 60 34 -16 -60 -110 72 69 39 2 -48 8 -82 -23 102 0 -48 -77 -64 
-18 112 -7 29 -117 15 106 80 13 6 -53 -87 -38 56 -100 -104 50 -14 -86 -18 98 -34 33 39 -13 92 -53 69 
102 113 84 -30 -36 40 31 1 -58 -122 -97 50 41 38 20 -38 36 90 4 -73 124 74 -116 -121 -111 -3 68 -25 
46 52 -100 22 91 44 -52 -56 -43 -103 -46 -61 55 90 -90 64 34 111 -51 106 -81 36 96 39 15 64 -27 -15 
18 82 42 105 85 -75 -46 -1 -105 106 55 -54 -18 90 -71 8 -121 25 40 -55 -82 14 57 -42 -96 -76 -78 -26 
97 99 56 -56 -48 -72 93 65 -6 41 84 -115 -87 122 70 44 -55 -82 -36 -56 -58 -94 87 -7 13 103 118 34 
-27 19 -47 103 58 99 24 14 42 -84 -81 -71 24 -16 -36 9 -57 119 21 40 -109 70 -100 -53 -21 -36 13 62 
27 -4 27 -11 57 38 0 -91 99 -82 -15 -75 8 80 117 -25 -38 -111 109 -98 -120 -116 97 99 120 91 -105 -32 
61 -3 51 -128 63 -29 106 -82 -4 14 5 79 -31 7 -12 13 69 -56 85 71 53 -110 34 -10 -115 94 101 -110 
-68 125 -3 -10 -126 69 -84 -85 2 -11 -3 61 -21 -59 -75 -123 -29 -85 66 12 -59 97 -85 -28 -91 47 -113 4 
62 -95 -14 -81 43 42 -99 -99 -123 -55 21 -37 -26 -28 84 73 -84 106 -106 36 -2 42 82 -1 -43 73 93 -95 
-100 25 58 125 -122 -113 -121 122 41 -124 -70 5 -35 -5 17 -93 125 120 -21 52 -102 5 112 51 -40 -16 -75 27 
9 3 100 72 -127 103 83 -45 64 86 75 13 64 124 75 105 38 88 -37 85 13 32 68 20 105 84 -117 76 
21 35 -24 -127 61 -64 -84 -9 -8 -29 127 -9 28 25 -88 -103 20 75 103 113 127 94 -54 -93 84 -96 67 24 
6 -114 -117 0 -22 0 14 -56 -1 -94 16 -98 -81 62 87 44 -33 -86 -1 78 -56 -99 -86 40 77 -92 71 -80 
7 4 -9 81 -29 -1 92 -87 -65 106 -26 -89 -85 122 -70 -54 56 -56 -27 66 96 59 -76 75 19 34 50 120 
82 -5 -72 -16 93 125 -103 119 20 -47 -124 -65 40 -81 -54 120 11 7 -27 -48 26 -52 -125 -128 -94 -46 -64 -85 
-80 -113 -73 -128 -19 -9 32 6 67 -77 125 11 78 99 54 119 -92 52 44 -95 -115 -18 -12 117 -45 -86 92 121 
5 -119 -66 -11 -34 -117 5 -118 -62 45 -88 91 -26 -121 81 39 -87 -111 4 89 44 93 -26 20 -96 -116 -19 -69 
-125 -67 -40 71 119 69 92 68 -109 -68 -43 81 -4 -104 106 -46 -27 109 61 -32 2 38 -41 49 -87 -86 92 -80 
122 -66 3 13 23 -44 -105 -97 -40 121 82 71 -97 -107 13 117 -87 -89 -75 87 90 -118 -1 -24 -124 -41 -64 -56 
64 86 -126 36 -104 -49 -61 109 -59 47 -83 -122 -63 -18 45 -52 -69 -23 66 -101 -89 -56 71 -80 -112 118 63 2 

