00000000000000000000000111010011 11111111111111110100110011110100 00000000000000000000010010010011 00000000000000000011010101010000 00000000000000000110010111111100 00000000000000001000010100010010 11111111111111111110101100110011 11111111111111111000101101110100 11111111111111111101110010011110 11111111111111111111111110100101 
00000000000000001000111001001011 11111111111111111101001000010110 11111111111111111111100011000110 11111111111111111111000011111011 00000000000000000100011110111111 00000000000000000000000111001111 00000000000000000101011000010011 11111111111111111001010001110110 00000000000000001101011010101100 11111111111111111111011110000101 
00000000000000000101111010011000 11111111111111111100010001110001 11111111111111111100101111011011 11111111111111111100010011110101 00000000000000000101010001011000 11111111111111110100101101010101 11111111111111111001110110010100 11111111111111111000010010000001 00000000000000001001011100000110 11111111111111111011101011110111 
11111111111111111100000111000110 00000000000000001010111100100001 00000000000000001010001100011000 00000000000000001000000100001000 11111111111111111100001011110011 00000000000000000000011110001010 00000000000000000000110110010011 00000000000000000011100100011110 00000000000000001001001101110101 00000000000000001001010001111000 
00000000000000001001110110111100 11111111111111111000001101110000 00000000000000000000110010000010 11111111111111111000010111000100 11111111111111111110001011001100 00000000000000001011010010100101 11111111111111111111111111000110 00000000000000000000010011100010 11111111111111111101100111000111 00000000000000000110001111111101 
11111111111111111001011000110001 11111111111111111101010101111110 11111111111111111011010101001011 00000000000000000101001100101000 00000000000000001010011001010010 00000000000000000000000110010001 11111111111111110011110100111010 11111111111111111111001000110000 00000000000000000011110101110110 00000000000000000011110111010010 
11111111111111111101100010100010 00000000000000001000011110010110 11111111111111110110110011111010 00000000000000000010010101100010 00000000000000000000101011001011 00000000000000000000001011011001 11111111111111110101111100010110 00000000000000000010100100111011 00000000000000000111110101010010 11111111111111110110110000001000 
00000000000000000001000011011110 11111111111111111100101111110111 00000000000000000100101111110101 00000000000000001011001110011101 00000000000000000000100100011101 00000000000000000101011101000110 11111111111111111111100101000000 00000000000000000101010011110111 11111111111111111101010001110010 00000000000000000100001101100010 
00000000000000000110001111101110 00000000000000000110111001101000 11111111111111111100001000100011 00000000000000001001100100010011 00000000000000000100001100100010 00000000000000001111100011011100 11111111111111111100000100001001 11111111111111111011011011001101 00000000000000000000101111010110 00000000000000001010011101001100 
00000000000000000100100100001100 11111111111111111111101011101111 11111111111111111011011110101100 11111111111111111000100110011011 11111111111111111010010101111100 00000000000000000101000011010111 11111111111111111110100011010110 11111111111111111011010000010101 11111111111111111100100000010010 11111111111111111010000010110000 

11111111111111111011011001010011 11111111111111111111001101000100 00000000000000000100101001110011 00000000000000000001000111000111 11111111111111111011011100001000 11111111111111111111111101111100 11111111111111111110101100110101 11111111111111111111001101001001 00000000000000000011000000110100 00000000000000000010100101001101 
11111111111111111101100001111001 11111111111111111101110011110100 11111111111111111101000101011110 11111111111111111100010111011100 00000000000000000010011100011011 00000000000000000011001011001101 11111111111111110001001111011001 00000000000000000010000100001110 00000000000000000110000010100111 11111111111111111101011110011101 
00000000000000000001011010000010 00000000000000000101000000010110 00000000000000000011001000111000 11111111111111111111101010111000 11111111111111111001010111110110 00000000000000000100111111100001 00000000000000001001100100010101 00000000000000001100000111110010 00000000000000000101000000011111 00000000000000000101001110110110 
11111111111111111010110011111100 11111111111111111010000101010010 11111111111111110101000110001111 11111111111111110101010001000011 00000000000000000101100110010110 11111111111111111110011101010110 11111111111111111101111111010111 11111111111111110010000011100011 11111111111111111111000010001011 11111111111111111010011100101010 
11111111111111111111101000011101 00000000000000000101101011111010 11111111111111111011010100010111 11111111111111111001101100111100 11111111111111111010101010111100 11111111111111111010100011001010 11111111111111110111011110010000 11111111111111110111010101000111 11111111111111111100101001011110 11111111111111111101010000110110 
00000000000000000001000111011010 11111111111111110110011111111100 00000000000000000101000011010100 00000000000000000111101010001011 11111111111111111000011101001100 00000000000000000010011000010011 11111111111111111101111100000100 00000000000000000101110100101000 11111111111111111000000001010001 00000000000000000000000011110001 
00000000000000000111010000011011 11111111111111111100010110111000 11111111111111110011110100111100 11111111111111111011000000111110 11111111111111111011110000100001 11111111111111111100101000111101 11111111111111110001000101101111 11111111111111111100000010100011 00000000000000001001101101001101 00000000000000000010000100000100 
11111111111111111111110111111000 11111111111111111100111101001000 11111111111111111101011101001111 11111111111111110100101101110000 11111111111111111000110000001101 00000000000000000101111101111000 11111111111111111110111010000011 11111111111111110110001110001100 00000000000000000001100110101101 00000000000000000110101011111010 
00000000000000010011000001110110 11111111111111111100010011000111 00000000000000000010111010101010 00000000000000000010101000010101 00000000000000000101101011110111 00000000000000001000001100000110 11111111111111111101001001100101 11111111111111110001010101100010 00000000000000001101101011100001 00000000000000000010001001001111 
11111111111111111110010011110111 11111111111111111110111011011010 00000000000000000000101100101011 11111111111111111011010010000011 11111111111111111111110010111101 11111111111111111100100110100011 00000000000000000000110111111101 00000000000000000100000110001010 11111111111111111101101001000101 00000000000000000100001010011101 

00000000000000000001100101000000 11111111111111111001000111000100 11111111111111111010111010110110 00000000000000000110111100100110 00000000000000000010110101000000 00000000000000000001011010111011 11111111111111111001010001010110 11111111111111111000110111100111 00000000000000000000001000110101 00000000000000000010101100000110 
11111111111111111011011111010101 11111111111111111010101001011110 11111111111111110111011100011100 00000000000000000001111001000001 00000000000000000100100111111000 11111111111111111111001110100000 11111111111111111010111101111111 00000000000000001100111111011111 11111111111111111001111010011001 11111111111111111110100110110000 
11111111111111111010110001010010 00000000000000001011111011010000 11111111111111111111111010001101 00000000000000000010010111101001 00000000000000000100011100100010 11111111111111111110100101011010 11111111111111110101110010101101 11111111111111111100110011000010 11111111111111111110110000101110 11111111111111111111111111100000 
00000000000000000011101110111110 11111111111111111100001011010000 00000000000000000110100000111100 00000000000000000111010000110101 00000000000000000000101011110110 00000000000000000110010101001000 11111111111111111001001000011111 11111111111111111010101001101001 00000000000000000011111010100111 11111111111111110110100110010110 
00000000000000001000111101001100 00000000000000001000010101001110 00000000000000000011101101101011 11111111111111111100000110110111 11111111111111111000000010100001 00000000000000000010101000000110 11111111111111111011110101101001 00000000000000000011011110101101 11111111111111111100101110111101 00000000000000000001001001011001 
00000000000000000010100000111010 00000000000000001001001111101110 00000000000000000001010011010110 00000000000000000101101101010010 11111111111111111100111101100111 11111111111111111000000111000010 11111111111111111100101110111100 00000000000000000011100001111010 11111111111111111100101111101001 11111111111111111001101111111001 
00000000000000000110010001000111 11111111111111111111000100001100 00000000000000000101000110010100 11111111111111111011110110111111 11111111111111111000100010111100 11111111111111111110111111110011 00000000000000001010000110110100 00000000000000001000110111100010 11111111111111111110010011011000 11111111111111111100010100110101 
00000000000000000010110101101011 00000000000000000000011001010001 00000000000000000010000011110011 11111111111111110111011001000100 11111111111111110011110001100011 11111111111111110110101011001001 00000000000000000011101111010110 11111111111111111100000010010001 00000000000000000101100110100110 11111111111111111011001100001101 
11111111111111110101111010111001 00000000000000000000010001000100 11111111111111110011011011010001 00000000000000000101010000010110 00000000000000000001101110011110 11111111111111111011000011000000 00000000000000000100110000001100 11111111111111110100010001101010 11111111111111111100010110001110 11111111111111111110111111000111 
11111111111111111001000101100000 11111111111111111011110001011110 11111111111111110101000101111101 11111111111111111010001110010001 00000000000000001001000001111111 00000000000000000001001001001111 11111111111111111010000110110111 11111111111111111101000011101100 00000000000000000001001000110000 00000000000000000000101010111101 

11111111111111111111110001110101 00000000000000000010010010101110 00000000000000000001001010100011 11111111111111111001101100011111 00000000000000000010001110100111 11111111111111111100001010001000 00000000000000000010010010011110 00000000000000000011101110110000 00000000000000000000001101110010 11111111111111111011011001011001 
00000000000000000100010100010110 11111111111111111011100000110100 11111111111111111010101111110100 11111111111111110111101101111111 11111111111111111011101100001000 11111111111111111110000100101001 00000000000000000000000110011111 11111111111111111011111001110011 00000000000000000000101000101100 11111111111111110111001101111001 
00000000000000000000110000100010 11111111111111111010100100001100 11111111111111111101100101010011 11111111111111111011000010110100 11111111111111110100100010101101 11111111111111110101100101010010 11111111111111111100000110110010 00000000000000001010001011111110 00000000000000001111100011011010 11111111111111111110000010010000 
11111111111111111101000100101111 11111111111111111111111000111110 11111111111111111001110010001011 11111111111111110001100110111010 00000000000000000010000000111111 11111111111111111111011100001111 00000000000000001010011000000011 11111111111111111000000110001011 00000000000000000111110101110011 00000000000000001010011011110111 
11111111111111111011110001110001 00000000000000000001000000010001 11111111111111111101011001001011 11111111111111110101110000000110 00000000000000000001001100101001 00000000000000000011010101000101 11111111111111111101101111111001 11111111111111111101010110110011 00000000000000000001000000101010 11111111111111111001110110011100 
11111111111111111011101101000110 11111111111111110101111111001111 00000000000000000010010010111000 11111111111111111010110010100101 00000000000000001000100100000100 11111111111111111010101111101011 11111111111111111111011011100010 11111111111111111011101100000001 00000000000000000100110010110011 11111111111111111100110111000111 
11111111111111111101011100011110 11111111111111111110100110000111 00000000000000000010101111010010 00000000000000000001110011001100 11111111111111111110110011010111 11111111111111110111000101010000 11111111111111110000110111011011 11111111111111110111111001101001 11111111111111111111110000001000 00000000000000000011000000101101 
00000000000000000011001010011011 11111111111111111100000110100100 00000000000000000101000001100000 00000000000000000011111101110100 00000000000000000111011110100111 11111111111111111111111001111111 11111111111111111000000101001010 00000000000000000011010001111011 00000000000000000000000101010010 00000000000000000000000101000111 
00000000000000001001100001001011 11111111111111111101110011011001 00000000000000000010100110111111 11111111111111110101101110001101 11111111111111111101100111110001 00000000000000000111110100111010 00000000000000000011110000111010 00000000000000000010001110011101 00000000000000001111001000110011 11111111111111111100111010111100 
11111111111111111101100000000010 11111111111111111101110110010110 00000000000000001000001000011100 11111111111111111101000001110010 11111111111111111010010001110000 11111111111111111001001101111100 00000000000000000011000010100101 11111111111111111111101000111100 00000000000000001100011101100110 11111111111111111110101100101110 

00000000000000001000000110001110 11111111111111111111001101011101 11111111111111111110110110101111 11111111111111111100010010111110 11111111111111111101001000000110 00000000000000000001001100101000 11111111111111111111010000100010 00000000000000000010000001110011 11111111111111111101011000100000 11111111111111111111111100101010 
00000000000000000100110010000011 11111111111111110101011110100000 11111111111111110101101010111011 00000000000000000011111101000000 11111111111111111011101110110011 00000000000000001001010110010100 00000000000000000000111001011101 00000000000000000011000101001000 11111111111111110101001111010011 00000000000000000111111110101101 
11111111111111111110101000110000 00000000000000000001010100001110 11111111111111110100010101111001 00000000000000000001100101011000 11111111111111111110011110110010 11111111111111110111100010011010 11111111111111111101011100000010 00000000000000000110000011010101 00000000000000001110001010011100 11111111111111111100000011010000 
00000000000000000100000010100100 11111111111111111010010000101111 00000000000000000011010100011110 11111111111111111001101100001000 11111111111111111100110001111100 00000000000000001010000100000100 00000000000000000000000111000001 11111111111111111011011100100100 11111111111111111111110001011110 11111111111111111100111010001100 
11111111111111111111010101101010 00000000000000001000110101010010 00000000000000000100011001101000 11111111111111111111000010010101 00000000000000000000100001101110 00000000000000001100001101000100 00000000000000000101111101101100 00000000000000000111011010001011 00000000000000000011011000110100 11111111111111110110100110101110 
11111111111111111000101111100101 11111111111111111110101110100101 11111111111111110110001011010110 11111111111111111001101001011111 11111111111111111111110101101101 11111111111111111110111011111000 00000000000000000011100001101101 11111111111111111010011101111001 00000000000000000000110000000111 00000000000000000100110110010001 
11111111111111111100111111011001 00000000000000000001111000010110 11111111111111111100011111100111 00000000000000001000110000011110 00000000000000000010101000001100 00000000000000000000111010101001 11111111111111111111011110000110 11111111111111110110010001111011 11111111111111110010000011101000 00000000000000000011000010011111 
00000000000000000001011001100111 00000000000000001111001110111111 00000000000000001000010010001100 11111111111111111111010101001110 00000000000000000011011011011001 11111111111111111101101111100111 11111111111111110111010111100100 11111111111111111000001110111100 00000000000000000100011010011000 11111111111111111011010101111110 
11111111111111110111010001011101 11111111111111111010100110011001 11111111111111111101100111000111 11111111111111110100101101100001 11111111111111111101000100100110 11111111111111110000111100000110 00000000000000000101000100010100 11111111111111110101001011110101 00000000000000001001101001001011 00000000000000000100011101011000 
11111111111111110111011011101000 11111111111111110010011110001011 00000000000000000001110100111001 00000000000000000000101010111011 11111111111111111011100101111001 11111111111111111100001010000010 00000000000000000011000111011010 00000000000000000101011101011100 11111111111111111101101101110111 00000000000000000100110000010001 

00000000000000000001010100100111 00000000000000000010101111001101 11111111111111111101101101000100 00000000000000001001001001111001 00000000000000000000001101100110 11111111111111111011001100110101 11111111111111111010100100110111 00000000000000000011101000011100 00000000000000000010000111001011 11111111111111111111110101011000 
11111111111111111110100100100000 11111111111111111111000001010101 00000000000000000011111111100111 00000000000000001010011010000101 00000000000000001100001101011111 00000000000000001101110000111010 00000000000000010001101011110001 11111111111111111111001100111011 00000000000000001011011110011011 00000000000000000001000011000110 
00000000000000000110001100000101 00000000000000000001110010000101 00000000000000000011001110001101 11111111111111110010111111110010 00000000000000010001001111100110 00000000000000000010000101001001 00000000000000001100000001111000 00000000000000000000100111011001 11111111111111101110011110010110 11111111111111111110101110100011 
00000000000000001011010111011000 11111111111111111101111010100000 11111111111111111101011111000011 00000000000000000100000001100001 11111111111111110111101000101000 11111111111111111100110111001000 00000000000000000010111111111001 00000000000000000100101110101000 00000000000000000000001000001111 00000000000000000100100111110000 
00000000000000000010001111010011 11111111111111110110111101111110 11111111111111111001001101010110 00000000000000000010111100001101 11111111111111111010111100001111 00000000000000000011011011001100 11111111111111111100000111100000 11111111111111110111010010111100 11111111111111111101001100110011 00000000000000001101001101011010 
11111111111111111010000111110010 00000000000000000010000111001110 11111111111111111111001101111100 00000000000000000100101111000010 00000000000000000011000111110100 00000000000000000011010101000111 00000000000000000010111000011100 11111111111111111100110100100100 11111111111111110011011111110111 00000000000000000111011111110111 
11111111111111111011101000101010 11111111111111111100001011010010 11111111111111110111010101010110 00000000000000000010000100001000 00000000000000000011000111000000 11111111111111110111100110000001 11111111111111111011101010100110 11111111111111111011111010000101 00000000000000000101111101100100 11111111111111110100100000010001 
11111111111111111101111101010011 11111111111111111011011001101010 11111111111111111011000100001111 00000000000000000110010111110011 00000000000000000001110011111101 00000000000000000001011001001100 00000000000000000100000001100001 11111111111111111110101000011000 11111111111111111001010000001001 00000000000000001110000100110010 
00000000000000001001011000000000 00000000000000000001000010010010 00000000000000001111011111011001 00000000000000000000001000110001 00000000000000001011100010000111 00000000000000001101100101101111 11111111111111111100000111111101 00000000000000001010101010101001 11111111111111110011000100100100 00000000000000000101111011000110 
00000000000000001100111000011100 00000000000000000110110010111111 11111111111111111011001011100010 11111111111111111000100110011100 11111111111111101110100011101011 00000000000000000111010010000101 11111111111111111100011011110000 00000000000000001011000011010000 11111111111111111001100101100100 11111111111111111110100101111101 

11111111111111111101101110110011 00000000000000000101100010110110 00000000000000000100110111000101 00000000000000000000111000110011 00000000000000000001000011011010 00000000000000000010001111010100 11111111111111111101100111001100 00000000000000000101000010001101 11111111111111111011011100010011 00000000000000000110011110000100 
11111111111111111101100000111111 00000000000000010100001001100010 00000000000000000011010010011110 11111111111111111101011011010010 11111111111111110101010000111010 11111111111111110111000000101010 00000000000000000011111100101110 11111111111111111011010100111011 11111111111111110110010111101111 00000000000000001000001010100011 
11111111111111111001111000010111 11111111111111111000000111011111 00000000000000001110001100111101 00000000000000001010111010000011 11111111111111111110010010011110 11111111111111111110111101011011 00000000000000000110010110001010 11111111111111111000110100101011 11111111111111111110111011010000 00000000000000000011101000110000 
11111111111111111111010111011000 11111111111111101000001100010011 11111111111111111111100101011011 00000000000000001001100111011001 11111111111111111110101111001011 11111111111111111010100010101011 00000000000000000100110111010000 00000000000000001100011011101111 11111111111111111001010000000111 00000000000000000011100001010110 
11111111111111111000000100010010 00000000000000000011110101010010 11111111111111111101001000111011 11111111111111110110010100101111 00000000000000001101110110001010 11111111111111111000101011000010 11111111111111111111110011101011 00000000000000000100101110000011 00000000000000000011111000111100 00000000000000000010011101010110 
00000000000000001000110111001010 00000000000000000110110011101001 00000000000000000010010101101110 00000000000000001000010000011101 00000000000000000011111000011101 00000000000000001000010100100110 00000000000000000111110101011100 11111111111111111100110010001011 00000000000000000111111101011000 00000000000000001010111001101010 
00000000000000000011011101101000 00000000000000010000110100110010 11111111111111111111111011100111 00000000000000000000101111000111 00000000000000000100100100101011 11111111111111111101100101000010 00000000000000000010110101111010 00000000000000000100001010101010 00000000000000000111000001110101 00000000000000000010110010001111 
11111111111111110101111101100010 00000000000000000001110000011110 00000000000000000001011011111010 00000000000000000011101110001001 11111111111111111101100101111001 11111111111111110101011010001110 11111111111111111010000010101010 00000000000000000101010111110010 00000000000000000100011100011100 00000000000000000001000010101100 
00000000000000000000101011110010 00000000000000000001111111000110 00000000000000001001110100001001 11111111111111111101101101111000 00000000000000000110100111100110 11111111111111111100001001000111 11111111111111110101001110110110 00000000000000000100111100100000 11111111111111111000100010001101 00000000000000000110101101000011 
00000000000000000011001011011000 11111111111111111111000001001010 00000000000000000101011110100001 00000000000000000110110000011111 11111111111111111000110000110101 11111111111111111111010111101110 11111111111111111001010000110111 00000000000000000100111010000010 00000000000000000001000110000111 11111111111111111111100001000111 

00000000000000000011111000111111 00000000000000000100110001011101 11111111111111111101001000001111 11111111111111111011101000011001 11111111111111111001101110111010 11111111111111111100000101111000 11111111111111111100011010000001 00000000000000000110011111010101 11111111111111111001011101110100 00000000000000000001110101101010 
00000000000000000100100011010111 00000000000000000001010000001011 00000000000000000101110010010100 11111111111111111100000110010001 00000000000000000001000000000001 11111111111111111110101110010000 00000000000000000011001011010011 00000000000000000001000100001101 11111111111111111110100011000110 00000000000000000000010011100010 
00000000000000001000001001010000 11111111111111110100111011110001 11111111111111110100111101110000 00000000000000000010011011111101 11111111111111110111100101111011 11111111111111110010000011000010 00000000000000000101111000000000 00000000000000000011100110011100 00000000000000001010010010001011 11111111111111111101101111011010 
00000000000000000101110001110010 11111111111111110101111111000011 11111111111111111110110011000101 11111111111111110100111000000100 11111111111111110101111010100101 11111111111111110111000101110011 00000000000000001011011000000000 11111111111111111111010101111000 11111111111111111101101110000001 00000000000000000100101101101000 
11111111111111110111111100110101 00000000000000001000011110011010 11111111111111110111111011010110 11111111111111111100010100011000 00000000000000000111000101000110 11111111111111110110100011111001 00000000000000000000100101110001 00000000000000000111010001011100 11111111111111110111010010000000 11111111111111111001100010000100 
00000000000000000000001100100100 11111111111111111011100101001111 00000000000000000000000000110001 11111111111111110110010000011110 00000000000000000011100100100110 11111111111111111101101100000011 00000000000000000011100111100000 11111111111111110110111010001010 00000000000000000110001000010010 00000000000000000011100110000100 
11111111111111110101101000010010 00000000000000000111101101111000 11111111111111111001010000001111 00000000000000000001011010110010 00000000000000001100010101001101 00000000000000001000100111110101 11111111111111111011001000101000 11111111111111111001001101101100 11111111111111111011000000011100 11111111111111111011101110101110 
00000000000000000011101110110001 00000000000000000101010001110011 11111111111111111011101010100010 11111111111111111111111110101000 00000000000000001001000011010110 11111111111111111111110111000101 00000000000000000001010001000010 11111111111111111110101000011001 00000000000000001000111001101000 11111111111111111010001011100101 
00000000000000000101010011100011 11111111111111111101110100111110 00000000000000010011111011101001 11111111111111110101111010100010 00000000000000000010000111000111 11111111111111110101010011000101 00000000000000001011110110001000 00000000000000000001000101101111 00000000000000001100100001001110 00000000000000000011110111111100 
00000000000000000100011000110001 00000000000000000001001000100110 00000000000000000101101100101100 00000000000000000010110001001001 11111111111111110111110000011100 00000000000000000011101000001100 00000000000000000010100011011111 11111111111111111101000000111101 11111111111111111011000110010011 11111111111111111110101000000001 

