      16714           0           0           0           0           0 
          0           0           0           0           0           0 
          0           0           0           0           0           0 
          0           0           0           0           0           0 
          0           0           0           0           0           0 
          0           0           0           0           0           0 

    1227092     1227092      824264     1176796     1071687     1501311 
     705535      705535      552980      877759      877759     2052441 
     788038      788038      947468      947468      877759     2209824 
     988253      895719      947468      947468      611192     2094382 
     988253      678979      678979      537828      537828     2036732 
     411132      412973      412973      537834      537834     1542804 

    2301846     2430594     3150893     2963537     2963537     2856686 
          0           0           0           0           0      766465 
          0           0           0           0           0      475676 
          0           0           0           0           0      769270 
          0           0           0           0           0      769270 
          0           0           0           0           0      163122 

    3937414     4745718     4883456     5082159     5082159     4313353 
    4011574     4745718     4883456     5082159     5082159     4664647 
    3726860     5010277     5049094     4966751     4775909     4664647 
    4551741     4551741     5180256     4840069     4719830     3981484 
    4551741     4763062     4696739     4696739     4646639     3833384 
    3604152     4317148     4381925     4646639     4646639     3833384 

     628179           0           0           0           0           0 
     425790           0           0           0           0           0 
     972895           0           0           0           0           0 
     972895           0           0           0           0           0 
     484205           0           0           0           0           0 
     825779      722398      722398      614995      663254      693609 

    1424619     1424619     1583458     1807543     1743733     1523157 
    1570081     1049214     1493488     1350730     1313892      919637 
    1550809     1166243     1770952     1770952      874477      757376 
    1615543     1166243     1512272      924000      874477     1077568 
    1501889      996914     1028040     1028040      776429     1077568 
    1501889      622269      412652      558274      375355      555596 

    1660305           0           0           0           0           0 
    1660305           0           0           0           0           0 
    1603790           0           0           0           0           0 
    1454250           0           0           0           0           0 
    1525044           0           0           0           0           0 
    1525044      714623     1014360     1014360      986376      952542 

    1468388      988139     1259844     1259844     1351621     1026093 
     857529      128923      217226      127977      165277      165277 
     779751      109035      195541      206763      206763       16826 
     929029      215649       87611       70651      291857       43445 
     806846        1846      239127      239127      291857      115832 
     594179           0           0           0       36222           0 

     969676           0           0           0           0       93548 
    1497424           0           0           0           0           0 
    1497424           0           0           0           0           0 
    1317136           0           0           0           0           0 
    1492920           0           0           0           0           0 
    1632144      446502       78634           0           0           0 

    4152318     4929850     4929850     5390053     5390053     4627546 
    4800710     4929850     5664295     5664295     5610006     4967742 
    4737139     5436377     5664295     5664295     5242459     4875899 
    5212307     5436377     5591529     5257784     4725624     4687406 
    5212307     5212307     5184530     5257784     4991028     4687406 
    4219257     4478557     4840950     4959515     4964153     4403137 

