       3196       28632       23679       21993       14825       33148 
      77725       21466       20522       55181       31715       31715 
      77725       21466       71297       71297       60913       60913 
     118561        8386       33321       35952       72725       60913 
     118561       86645       10431       17757       72725       53732 
      86645       86645       59380       52155       52924       53732 

      18434       25656       21310       15803       33213       34819 
       6593       17134       23770       23770       30706       12046 
      24894       16253       39881       26008       30706       17692 
      24908       22371       31188       26008       35724       17409 
      41514       22371       25760       20649       35724       39109 
      41514       28110       48652       48652       26236       38403 

      78199       59645       30358       82912       82912       12189 
      59645       59645       13717       34233       49767       41096 
      29751       29751       13717       28051       63037       63037 
      31424       87185       46376       23939        5521       53032 
      53708       87185       74953       70010       70010       48324 
      53708       31227       66350       70010       70010       40725 

      40540       23247       12974       26342       54479       54479 
      23247       25034       47950       26342        5370       22566 
      16629       25034       47950       32898       37856       49130 
      22748       38833       45583       48864       48866       49130 
      33741       38833       36883       36883       48866       48374 
      43315       43315       36883       36883       47670       29715 

      35754       38038       38038       22319       47235       17770 
      32203       38038       38038       34213       47235       31239 
      35964       27174       27174       34213       34213       32371 
      25137       27174       40744       40744       21076       18457 
      42362       47086       47086       40744       39300       20825 
      42362       28690       24979       41665       33107       22930 

      38751       38751       23607       19801       48412       12742 
      34070       38428       17738       52170       52170       32038 
      34070       44182       44182       52170       52170       42879 
      32368       62404       44182       20245       16583       54006 
      17916       92003       92003       60265       49019       54006 
      22431       67361       79744       60265       43340       43340 

      41157       25613       49460       49460       39448       35687 
      41157       44241       49460       49460       35687       35687 
      15776       23974       42368       39104       20401       23444 
      35518       35518       42368       25701       25286       25286 
      35518       35518       25048       49497       49497       25286 
      13029       23829       33518       48712       48712       19374 

      74044       28205       27529       75020       75020       29938 
      65117       12738       27529       75020       75020       29938 
      48954       26022        9270       19625       23339       51779 
      48954       51047       57434       77423       77423       55547 
      17317       51047       77439       45560       37065       37659 
      26232       31651       77439       61014       61014       56023 

      29844       29437       40671       47962       33358       15214 
      29437       29437       35746       35746       35755          80 
      17354       17354       35746       48717       36510       51671 
      28874       28874       24951       17631       17667       51671 
      28874       28874       28039       12664       29810       31758 
      22972       24334       76632       76632       35635       29810 

      54736       54736       39412       47493       32487       17083 
      48960       39412       39412       27714       38104       38104 
      43022       43022       10245       27714       27714       33928 
      43022       67951       67951       61854       21834       33928 
      15260       67951       67951       61854       45966       31146 
      21149       22680       56262       45966       45966       18850 

      49621       56012       56012       22709       53987       41925 
      31417       21086       32396       50126       50126       28823 
      31417       21253       36010       42281       46135       46135 
      21253       31373       40382       40382       22148       21589 
      27906       31373       49802       40382       36725       30746 
      35610        9312       56017       56017       30746       30746 

      23723       15944       31593       45797       45812       45812 
      47398       29481       48700       65218       31559       32905 
      30859       33233       53138       53138       31559       20403 
      58156       30859       53138       53138       61193       74083 
      27694       58354       58354       50096       17355       18476 
      27625       58354       58354       50096       43808       33529 

      29824       68766       68766       56334       31980       41240 
      31045       68766       68766       39312       53921       41240 
      31055       40799       61608       73130       53921       42682 
      47285       61750       61750       77562       77562       61004 
      47285       61750       61750       77562       77562       30742 
      20009       16043       40783       53034       94583       94583 

      34245       47640       47640       46216       52191       52191 
      21681       30195       30195       23746       53837       53837 
      58747       30195       30195       17770       53837       53837 
      46153       46153       24811       43026       43026       61026 
      46153       46153       46025       43026       43026       61026 
      54410       75175       75175       33456       33456       26893 

      63761       27755       41382       41382       18241       32132 
      63761       27755       29109       37610       33747       33747 
      46167       17501       15613       44582       33747       33747 
      46167       32060       45266       44582       27208       22691 
      24942       59129       59129       61659       61659       22691 
      18714       37319       48389       61659       61659       25862 

      33569       52273        9925       29734       32186       19532 
      37662       31108       31108       40121       39617       39617 
      39346       72026       72026       20344       12038       32922 
      50625       32899       52500       40122       40122       31782 
      65140       65140       38026       25584       51626       51626 
      65140       65140       38026       73891       73891       56987 

