     136008 
     202477 
          0 
      66852 
          0 
    1233057 
          0 
          0 
          0 
          0 
          0 
      97691 
          0 
     461551 
     843816 
      47108 
     510917 
          0 
          0 
          0 
      72365 
          0 
     114983 
          0 
          0 
          0 
     552877 
     219321 
    1005027 
          0 
          0 
     905234 
          0 
     481837 
          0 
     488350 
    1187971 
          0 
     305823 
     378529 
          0 
          0 
          0 
     190205 
          0 
          0 
    1669136 
     313487 
          0 
      48041 
          0 
          0 
     232018 
          0 
     184636 
     588633 
     234258 
          0 
     937938 
      39655 
     152774 
     476905 
          0 
          0 
          0 
          0 
          0 
     836847 
          0 
          0 
     338489 
     143224 
          0 
          0 
          0 
     969633 
     943283 
          0 
     636941 
      85038 
