          0 
    2685823 
    4143391 
          0 
          0 
    1328455 
          0 
    4519533 
          0 
          0 
          0 
          0 
    1102646 
          0 
    3733523 
          0 
    3056008 
          0 
     853787 
          0 
          0 
    2111960 
          0 
    2498695 
      65544 
          0 
          0 
          0 
          0 
          0 
     900257 
    5745488 
          0 
    1880489 
          0 
          0 
    1179760 
     681260 
    4647722 
    6167734 
