      82606 
          0 
          0 
          0 
          0 
          0 
      47838 
          0 
          0 
          0 
     152687 
          0 
          0 
     212124 
          0 
          0 
          0 
     172109 
          0 
          0 
          0 
     145144 
          0 
          0 
          0 
          0 
      30307 
      32017 
          0 
          0 
     100141 
          0 
          0 
      66873 
          0 
          0 
          0 
       3772 
     140427 
          0 
     174304 
          0 
          0 
          0 
      68935 
          0 
          0 
          0 
        724 
      28195 
          0 
          0 
      65938 
          0 
          0 
          0 
     146643 
      37822 
      37382 
          0 
      32093 
      46739 
          0 
     261038 
          0 
          0 
          0 
          0 
      26326 
          0 
          0 
      88675 
      88550 
     162958 
          0 
          0 
     142312 
     251156 
      56134 
      47090 
      90741 
      69623 
          0 
          0 
     187145 
          0 
          0 
          0 
          0 
      87040 
     127553 
      38757 
          0 
     193996 
          0 
      21416 
          0 
          0 
       1503 
      13481 
      84352 
     124530 
          0 
          0 
          0 
      18290 
          0 
     163377 
          0 
     199867 
     153654 
          0 
     188250 
      40735 
      95440 
          0 
          0 
     221199 
      57259 
          0 
          0 
     145374 
          0 
          0 
          0 
     145223 
          0 
      24278 
          0 
      91286 
      95277 
          0 
          0 
      49422 
          0 
          0 
          0 
      63684 
          0 
      12174 
          0 
      26285 
          0 
          0 
      59473 
          0 
          0 
          0 
      62154 
     169447 
          0 
          0 
          0 
          0 
     175336 
          0 
      15066 
          0 
          0 
      50514 
